M: 10
K: 8
S: 82513
Ω%: 1
βi: 3406 2517 3440 2577 3431 2629 2548 2518 2678 3286 
τij: 
2 2 2 3 2 2 2 3 
2 1 3 2 2 3 2 3 
2 2 1 2 2 3 1 3 
2 2 1 2 1 2 2 1 
2 1 2 3 1 1 1 1 
3 2 1 2 2 3 3 3 
2 2 2 2 2 2 2 3 
2 3 2 1 2 2 3 1 
2 1 3 2 1 2 2 1 
2 3 2 2 2 2 1 2 
Cij: 
1264 1205 1389 1267 1071 958 1016 1073 
967 937 981 1128 1301 1141 935 1115 
1154 1361 1294 1170 1206 1397 1001 1026 
1364 1149 997 917 1105 1048 1091 1038 
1336 1236 1265 1343 988 1293 1057 1164 
936 1337 961 1175 1340 1070 1115 1312 
944 1119 1343 902 1048 1372 1286 1113 
1090 1336 1167 1145 941 922 1030 1096 
1231 1253 1254 1006 1343 1169 1280 1118 
1129 1021 986 977 1343 972 930 1303 
Pij: 
1999 1603 1371 1927 1668 2867 2152 2342 
3173 1620 394 2928 1061 1388 1755 1469 
1983 3045 1222 2712 1232 2059 1199 483 
385 1449 2623 614 2039 2479 2801 2619 
3013 2384 3365 537 1893 1630 1599 2590 
3307 1890 2109 1712 1244 2649 1136 2868 
3294 872 700 542 2552 1839 2570 695 
2835 762 2762 2933 3487 440 3342 679 
3209 2242 2547 433 2395 958 3330 1358 
2026 806 3319 1103 1318 451 1546 2957 
